1300000
1300010
1300011
1300045
1300046
1300047
1300048
1300049
1300100
1300101
1300102
1300103
1300104
1300105
1300106
1300107
1300108
1300109
1300110
1300111
1300112
1300113
1300114
1300115
1300116
1300117
1300118
1300119
1300120
1300121
1300122
1300123
1300124
1300125
1300126
1300127
1300128
1300129
1300190
1300191
1300192
1300193
1300194
1300195
1300196
1300197
1300198
1300199
1301006
1301007
1301008
1301009
1301010
1301011
1301012
1301019
1301100
1301101
1301102
1301103
1301104
1301105
1301106
1301107
1301108
1301109
1301110
1301111
1301112
1301113
1301114
1301115
1301116
1301117
1301118
1301119
1301120
1301121
1301122
1301123
1301124
1301125
1301126
1301127
1301128
1301129
1301180
1301181
1301182
1301183
1301184
1301185
1301186
1301187
1301188
1301189
1302000
1302001
1302002
1302003
1302004
1302005
1302006
1302007
1302008
1302009
1302100
1302101
1302102
1302103
1302104
1302105
1302106
1302107
1302108
1302109
1302110
1302111
1302112
1302113
1302114
1302115
1302116
1302117
1302118
1302119
1302120
1302121
1302122
1302123
1302124
1302125
1302126
1302127
1302128
1302129
1302190
1302191
1302192
1302193
1302194
1302195
1302196
1302197
1302198
1302199
1303100
1303101
1303102
1303103
1303104
1303105
1303106
1303107
1303108
1303109
1303110
1303111
1303112
1303113
1303114
1303115
1303116
1303117
1303118
1303119
1304100
1304101
1304102
1304103
1304104
1304105
1304106
1304107
1304108
1304109
1304110
1304111
1304112
1304113
1304114
1304115
1304116
1304117
1304118
1304119
1304120
1304121
1304122
1304123
1304124
1304125
1304126
1304127
1304128
1304129
1305100
1305101
1305102
1305103
1305104
1305105
1305106
1305107
1305108
1305109
1305110
1305111
1305112
1305113
1305114
1305115
1305116
1305117
1305118
1305119
1305120
1305121
1305122
1305123
1305124
1305125
1305126
1305127
1305128
1305129
1305130
1305131
1305132
1305133
1305134
1305135
1305136
1305137
1305138
1305139
1305140
1305141
1305142
1305143
1305144
1305145
1305146
1305147
1305148
1305149
1305150
1305151
1305152
1305153
1305154
1305155
1305156
1305157
1305158
1305159
1305160
1305161
1305162
1305163
1305164
1305165
1305166
1305167
1305168
1305169
1305170
1305171
1305172
1305173
1305174
1305175
1305176
1305177
1305178
1305179
1305180
1305181
1305182
1305183
1305184
1305185
1305186
1305187
1305188
1305189
1305190
1305191
1305192
1305193
1305194
1305195
1305196
1305197
1305198
1305199
1307010
1307011
1307012
1307013
1307014
1307015
1307016
1307017
1307018
1307019
1307110
1307111
1307112
1307113
1307114
1307115
1307116
1307117
1307118
1307119
1309042
1312000
1312001
1312002
1312003
1312004
1312005
1312006
1312007
1312008
1312009
1312010
1312011
1312012
1312013
1312014
1312015
1312016
1312017
1312018
1312019
1312020
1312021
1312022
1312023
1312024
1312025
1312026
1312027
1312028
1312029
1312030
1312031
1312032
1312033
1312034
1312035
1312036
1312037
1312038
1312039
1312040
1312041
1312042
1312043
1312044
1312045
1312046
1312047
1312048
1312049
1312100
1312101
1312102
1312103
1312104
1312105
1312106
1312107
1312108
1312109
1312110
1312111
1312112
1312113
1312114
1312115
1312116
1312117
1312118
1312119
1312120
1312121
1312122
1312123
1312124
1312125
1312126
1312127
1312128
1312129
1312130
1312131
1312132
1312133
1312134
1312135
1312136
1312137
1312138
1312139
1312140
1312141
1312142
1312143
1312145
1312146
1312147
1312148
1312149
1312150
1312151
1312152
1312153
1312154
1312155
1312156
1312157
1312158
1312159
1312160
1312161
1312162
1312163
1312164
1312165
1312166
1312167
1312168
1312169
1312170
1312171
1312172
1312173
1312175
1312176
1312177
1312178
1312179
1312180
1312181
1312182
1312183
1312184
1312185
1312186
1312187
1312188
1312189
1312190
1312191
1312192
1312193
1312194
1312195
1312196
1312197
1312198
1312199
1312470
1312471
1312472
1312473
1312474
1312475
1312476
1312477
1312478
1312479
1312650
1312651
1312652
1312653
1312655
1312656
1312657
1312658
1312659
1312660
1312661
1312662
1312663
1312664
1312665
1312666
1312667
1312668
1312669
1312670
1312671
1312672
1312673
1312675
1312676
1312677
1312678
1312679
1312680
1312681
1312682
1312683
1312685
1312686
1312687
1312688
1312689
1312690
1312691
1312692
1312693
1312695
1312696
1312697
1312698
1312699
1314100
1314101
1314102
1314103
1314104
1314105
1314106
1314107
1314108
1314109
1314110
1314111
1314112
1314113
1314114
1314115
1314116
1314117
1314118
1314119
1314120
1314121
1314122
1314123
1314124
1314125
1314126
1314127
1314128
1314129
1314130
1314131
1314132
1314133
1314134
1314135
1314136
1314137
1314138
1314139
1314140
1314141
1314142
1314143
1314144
1314145
1314146
1314147
1314148
1314149
1314600
1314601
1314602
1314603
1314604
1314605
1314606
1314607
1314608
1314609
1314610
1314611
1314612
1314613
1314614
1314615
1314616
1314617
1314618
1314619
1314620
1314621
1314622
1314623
1314624
1314625
1314626
1314627
1314628
1314629
1314630
1314631
1314632
1314633
1314634
1314635
1314636
1314637
1314638
1314639
1314640
1314641
1314642
1314643
1314644
1314645
1314646
1314647
1314648
1314649
1314650
1314651
1314652
1314653
1314654
1314655
1314656
1314657
1314658
1314659
1314660
1314661
1314662
1314663
1314664
1314665
1314666
1314667
1314668
1314669
1314670
1314671
1314672
1314673
1314674
1314675
1314676
1314677
1314678
1314679
1314680
1314681
1314682
1314683
1314684
1314685
1314686
1314687
1314688
1314689
1314690
1314691
1314692
1314693
1314694
1314695
1314696
1314697
1314698
1314699
1316100
1316101
1316102
1316103
1316104
1316105
1316106
1316107
1316108
1316109
1316110
1316111
1316112
1316113
1316114
1316115
1316116
1316117
1316118
1316119
1316120
1316121
1316122
1316123
1316124
1316125
1316126
1316127
1316128
1316129
1316130
1316131
1316132
1316133
1316134
1316135
1316136
1316137
1316138
1316139
1316140
1316141
1316142
1316143
1316144
1316145
1316146
1316147
1316148
1316149
1316150
1316151
1316152
1316153
1316154
1316155
1316156
1316157
1316158
1316159
1316160
1316161
1316162
1316163
1316164
1316165
1316166
1316167
1316168
1316169
1316170
1316171
1316172
1316173
1316174
1316175
1316176
1316177
1316178
1316179
1316180
1316181
1316182
1316183
1316184
1316185
1316186
1316187
1316188
1316189
1316190
1316191
1316192
1316193
1316194
1316195
1316196
1316197
1316198
1316199
1316420
1316421
1316422
1316423
1316424
1316425
1316426
1316427
1316428
1316429
1316730
1316731
1316732
1316733
1316734
1316735
1316736
1316737
1316738
1316739
1316750
1316751
1316752
1316753
1316754
1316755
1316756
1316757
1316758
1316759
1322010
1322011
1322012
1322013
1322014
1322015
1322016
1322017
1322018
1322019
1324000
1324001
1324002
1324003
1324004
1324005
1324006
1324007
1324008
1324009
1324010
1324011
1324012
1324013
1324014
1324015
1324016
1324017
1324018
1324019
1324020
1324021
1324022
1324023
1324024
1324025
1324026
1324027
1324028
1324029
1324030
1324031
1324032
1324033
1324034
1324035
1324036
1324037
1324038
1324039
1324040
1324041
1324042
1324043
1324044
1324045
1324046
1324047
1324048
1324049
1324070
1324071
1324072
1324073
1324074
1324075
1324076
1324077
1324078
1324079
1324080
1324081
1324082
1324089
1324090
1324091
1324092
1324093
1324094
1324095
1324096
1324097
1324098
1324099
1324100
1324101
1324102
1324103
1324104
1324105
1324106
1324107
1324108
1324109
1324110
1324111
1324112
1324113
1324114
1324115
1324116
1324117
1324118
1324119
1324120
1324121
1324122
1324123
1324124
1324125
1324126
1324127
1324128
1324129
1324130
1324131
1324132
1324133
1324134
1324135
1324136
1324137
1324138
1324139
1324140
1324141
1324142
1324143
1324144
1324145
1324146
1324147
1324148
1324149
1324150
1324151
1324152
1324153
1324154
1324155
1324156
1324157
1324158
1324159
1324160
1324161
1324162
1324163
1324164
1324165
1324166
1324167
1324168
1324169
1324170
1324171
1324172
1324173
1324174
1324175
1324176
1324177
1324178
1324179
1324180
1324181
1324182
1324183
1324184
1324185
1324186
1324187
1324188
1324189
1324190
1324191
1324192
1324193
1324194
1324195
1324196
1324197
1324198
1324199
1326000
1326001
1326002
1326003
1326005
1326006
1326007
1326008
1326009
1326010
1326011
1326012
1326013
1326015
1326016
1326017
1326018
1326019
1326020
1326021
1326022
1326023
1326025
1326026
1326027
1326028
1326029
1326030
1326031
1326032
1326033
1326035
1326036
1326037
1326038
1326039
1326040
1326041
1326042
1326043
1326044
1326045
1326046
1326047
1326048
1326049
1326100
1326101
1326102
1326103
1326104
1326105
1326106
1326107
1326108
1326109
1326110
1326111
1326112
1326113
1326114
1326115
1326116
1326117
1326118
1326119
1326120
1326121
1326122
1326123
1326124
1326125
1326126
1326127
1326128
1326129
1326130
1326131
1326132
1326133
1326134
1326135
1326136
1326137
1326138
1326139
1326140
1326141
1326142
1326143
1326144
1326145
1326146
1326147
1326148
1326149
1326150
1326151
1326152
1326153
1326154
1326155
1326156
1326157
1326158
1326159
1326160
1326161
1326162
1326163
1326164
1326165
1326166
1326167
1326168
1326169
1326170
1326171
1326172
1326173
1326174
1326175
1326176
1326177
1326178
1326179
1326180
1326181
1326182
1326183
1326184
1326185
1326186
1326187
1326188
1326189
1326190
1326191
1326192
1326193
1326194
1326195
1326196
1326197
1326198
1326199
1326310
1326311
1326312
1326313
1326314
1326315
1326316
1326317
1326318
1326319
1326320
1326321
1326322
1326323
1326325
1326326
1326327
1326328
1326329
1326330
1326331
1326332
1326333
1326335
1326336
1326337
1326338
1326339
1326340
1326341
1326342
1326343
1326344
1326345
1326346
1326347
1326348
1326349
1326400
1326401
1326402
1326403
1326404
1326405
1326406
1326407
1326408
1326409
1326410
1326411
1326412
1326413
1326414
1326415
1326416
1326417
1326418
1326419
1326420
1326421
1326422
1326423
1326424
1326425
1326426
1326427
1326428
1326429
1326430
1326431
1326432
1326433
1326434
1326435
1326436
1326437
1326438
1326439
1326440
1326441
1326442
1326443
1326444
1326445
1326446
1326447
1326448
1326449
1326450
1326451
1326452
1326453
1326455
1326456
1326457
1326458
1326459
1326900
1326901
1326902
1326903
1326904
1326905
1326906
1326907
1326908
1326909
1326910
1326911
1326912
1326913
1326915
1326916
1326917
1326918
1326919
1326920
1326921
1326922
1326923
1326925
1326926
1326927
1326928
1326929
1326930
1326931
1326932
1326933
1326935
1326936
1326937
1326938
1326939
1326940
1326941
1326942
1326943
1326944
1326945
1326946
1326947
1326948
1326949
1326950
1326951
1326952
1326953
1326955
1326956
1326957
1326958
1326959
1326960
1326961
1326962
1326963
1326964
1326965
1326966
1326967
1326968
1326969
1326970
1326971
1326972
1326973
1326974
1326975
1326976
1326977
1326978
1326979
1326980
1326981
1326982
1326983
1326985
1326986
1326987
1326988
1326989
1326990
1326991
1326992
1326993
1326995
1326996
1326997
1326998
1326999
1451000
1451001
1451002
1451003
1451004
1451005
1451006
1451007
1451008
1451009
1451010
1451011
1451012
1451013
1451014
1451015
1451016
1451017
1451018
1451019
1451020
1451021
1451022
1451023
1451024
1451025
1451026
1451027
1451028
1451029
1451030
1451031
1451032
1451033
1451034
1451035
1451036
1451037
1451038
1451039
1451040
1451041
1451042
1451043
1451044
1451045
1451046
1451047
1451048
1451049
1451050
1451051
1451052
1451053
1451054
1451055
1451056
1451057
1451058
1451059
1451060
1451061
1451062
1451063
1451064
1451065
1451066
1451067
1451068
1451069
1451070
1451071
1451072
1451073
1451074
1451075
1451076
1451077
1451078
1451079
1451080
1451081
1451082
1451083
1451084
1451085
1451086
1451087
1451088
1451089
1451090
1451091
1451092
1451093
1451094
1451095
1451096
1451097
1451098
1451099
1451100
1451101
1451102
1451103
1451104
1451105
1451106
1451107
1451108
1451109
1451110
1451111
1451112
1451113
1451114
1451115
1451116
1451117
1451118
1451119
1451120
1451121
1451122
1451123
1451124
1451125
1451126
1451127
1451128
1451129
1451130
1451131
1451132
1451133
1451134
1451135
1451136
1451137
1451138
1451139
1451140
1451141
1451142
1451143
1451144
1451145
1451146
1451147
1451148
1451149
1451150
1451151
1451152
1451153
1451154
1451155
1451156
1451157
1451158
1451159
1451160
1451161
1451162
1451163
1451164
1451165
1451166
1451167
1451168
1451169
1451170
1451171
1451172
1451173
1451174
1451175
1451176
1451177
1451178
1451179
1451180
1451181
1451182
1451183
1451184
1451185
1451186
1451187
1451188
1451189
1451190
1451191
1451192
1451193
1451194
1451195
1451196
1451197
1451198
1451199
1451200
1451201
1451202
1451203
1451204
1451205
1451206
1451207
1451208
1451209
1451210
1451211
1451212
1451213
1451214
1451215
1451216
1451217
1451218
1451219
1451220
1451221
1451222
1451223
1451224
1451225
1451226
1451227
1451228
1451229
1451230
1451231
1451232
1451233
1451234
1451235
1451236
1451237
1451238
1451239
1451240
1451241
1451242
1451243
1451244
1451245
1451246
1451247
1451248
1451249
1451250
1451251
1451252
1451253
1451254
1451255
1451256
1451257
1451258
1451259
1451260
1451261
1451262
1451263
1451264
1451265
1451266
1451267
1451268
1451269
1451270
1451271
1451272
1451273
1451274
1451275
1451276
1451277
1451278
1451279
1451280
1451281
1451282
1451283
1451284
1451285
1451286
1451287
1451288
1451289
1451290
1451291
1451292
1451293
1451294
1451295
1451296
1451297
1451298
1451299
1451300
1451301
1451302
1451303
1451304
1451305
1451306
1451307
1451308
1451309
1451310
1451311
1451312
1451313
1451314
1451315
1451316
1451317
1451318
1451319
1451320
1451321
1451322
1451323
1451324
1451325
1451326
1451327
1451328
1451329
1451330
1451331
1451332
1451333
1451334
1451335
1451336
1451337
1451338
1451339
1451340
1451341
1451342
1451343
1451344
1451345
1451346
1451347
1451348
1451349
1451350
1451351
1451352
1451353
1451354
1451355
1451356
1451357
1451358
1451359
1451360
1451361
1451362
1451363
1451364
1451365
1451366
1451367
1451368
1451369
1451370
1451371
1451372
1451373
1451374
1451375
1451376
1451377
1451378
1451379
1451380
1451381
1451382
1451383
1451384
1451385
1451386
1451387
1451388
1451389
1451390
1451391
1451392
1451393
1451394
1451395
1451396
1451397
1451398
1451399
1452000
1452001
1452002
1452003
1452004
1452005
1452006
1452007
1452008
1452009
1452010
1452011
1452012
1452013
1452014
1452015
1452016
1452017
1452018
1452019
1452020
1452021
1452022
1452023
1452024
1452025
1452026
1452027
1452028
1452029
1452030
1452031
1452032
1452033
1452034
1452035
1452036
1452037
1452038
1452039
1550100
1550101
1550102
1550103
1550104
1550105
1550106
1550107
1550108
1550109
1551000
1551001
1551002
1551003
1551004
1551005
1551006
1551007
1551008
1551009
1551010
1551011
1551012
1551013
1551014
1551015
1551016
1551017
1551018
1551019
1551020
1551021
1551022
1551023
1551024
1551025
1551026
1551027
1551028
1551029
1551030
1551031
1551032
1551033
1551034
1551035
1551036
1551037
1551038
1551039
1551040
1551041
1551042
1551043
1551044
1551045
1551046
1551047
1551048
1551049
1551050
1551051
1551052
1551053
1551054
1551055
1551056
1551057
1551058
1551059
1551060
1551061
1551062
1551063
1551064
1551065
1551066
1551067
1551068
1551069
1551070
1551071
1551072
1551073
1551074
1551075
1551076
1551077
1551078
1551079
1560000
1560001
1560002
1560003
1560004
1560005
1560006
1560007
1560008
1560009
1560010
1560011
1560012
1560013
1560014
1560015
1560016
1560017
1560018
1560019
1560020
1560021
1560022
1560023
1560024
1560025
1560026
1560027
1560028
1560029
1560030
1560031
1560032
1560033
1560034
1560035
1560036
1560037
1560038
1560039
1560040
1560041
1560042
1560043
1560044
1560045
1560046
1560047
1560048
1560049
1560050
1560051
1560052
1560053
1560054
1560055
1560056
1560057
1560058
1560059
1560060
1560061
1560062
1560063
1560064
1560065
1560066
1560067
1560068
1560069
1560070
1560071
1560072
1560073
1560074
1560075
1560076
1560077
1560078
1560079
1560080
1560081
1560082
1560083
1560084
1560085
1560086
1560087
1560088
1560089
1560090
1560091
1560092
1560093
1560094
1560095
1560096
1560097
1560098
1560099
1560100
1560101
1560102
1560103
1560104
1560105
1560106
1560107
1560108
1560109
1560110
1560111
1560112
1560113
1560114
1560115
1560116
1560117
1560118
1560119
1560120
1560121
1560122
1560123
1560124
1560125
1560126
1560127
1560128
1560129
1560130
1560131
1560132
1560133
1560134
1560135
1560136
1560137
1560138
1560139
1561100
1561101
1561102
1561103
1561104
1561105
1561106
1561107
1561108
1561109
1561110
1561111
1561112
1561113
1561114
1561115
1561116
1561117
1561118
1561119
1561120
1561121
1561122
1561123
1561124
1561125
1561126
1561127
1561128
1561129
1561130
1561131
1561132
1561133
1561134
1561135
1561136
1561137
1561138
1561139
1561140
1561141
1561142
1561143
1561144
1561145
1561146
1561147
1561148
1561149
1561150
1561151
1561152
1561153
1561154
1561155
1561156
1561157
1561158
1561159
1561160
1561161
1561162
1561163
1561164
1561165
1561166
1561167
1561168
1561169
1561170
1561171
1561172
1561173
1561174
1561175
1561176
1561177
1561178
1561179
1561180
1561181
1561182
1561183
1561184
1561185
1561186
1561187
1561188
1561189
1561190
1561191
1561192
1561193
1561194
1561195
1561196
1561197
1561198
1561199
1562100
1562101
1562102
1562103
1562104
1562105
1562106
1562107
1562108
1562109
1562110
1562111
1562112
1562113
1562114
1562115
1562116
1562117
1562118
1562119
1562120
1562121
1562122
1562123
1562124
1562125
1562126
1562127
1562128
1562129
1562130
1562131
1562132
1562133
1562134
1562135
1562136
1562137
1562138
1562139
1562140
1562141
1562142
1562143
1562144
1562145
1562146
1562147
1562148
1562149
1562150
1562151
1562152
1562153
1562154
1562155
1562156
1562157
1562158
1562159
1562160
1562161
1562162
1562163
1562164
1562165
1562166
1562167
1562168
1562169
1562170
1562171
1562172
1562173
1562174
1562175
1562176
1562177
1562178
1562179
1562180
1562181
1562182
1562183
1562184
1562185
1562186
1562187
1562188
1562189
1562190
1562191
1562192
1562193
1562194
1562195
1562196
1562197
1562198
1562199
1562490
1562491
1562492
1562493
1562494
1562495
1562496
1562497
1562498
1562499
1563400
1563401
1563402
1563403
1563404
1563405
1563406
1563407
1563408
1563409
1563410
1563411
1563412
1563413
1563414
1563415
1563416
1563417
1563418
1563419
1563420
1563421
1563422
1563423
1563424
1563425
1563426
1563427
1563428
1563429
1563430
1563431
1563432
1563433
1563434
1563435
1563436
1563437
1563438
1563439
1563440
1563441
1563442
1563443
1563444
1563445
1563446
1563447
1563448
1563449
1563450
1563451
1563452
1563453
1563454
1563455
1563456
1563457
1563458
1563459
1563460
1563461
1563462
1563463
1563464
1563465
1563466
1563467
1563468
1563469
1563470
1563471
1563472
1563473
1563474
1563475
1563476
1563477
1563478
1563479
1563480
1563481
1563482
1563483
1563484
1563485
1563486
1563487
1563488
1563489
1564600
1564601
1564602
1564603
1564604
1564605
1564606
1564607
1564608
1564609
1564610
1564611
1564612
1564613
1564614
1564615
1564616
1564617
1564618
1564619
1564620
1564621
1564622
1564623
1564624
1564625
1564626
1564627
1564628
1564629
1564630
1564631
1564632
1564633
1564634
1564635
1564636
1564637
1564638
1564639
1564640
1564641
1564642
1564643
1564644
1564645
1564646
1564647
1564648
1564649
1564650
1564651
1564652
1564653
1564654
1564655
1564656
1564657
1564658
1564659
1564660
1564661
1564662
1564663
1564664
1564665
1564666
1564667
1564668
1564669
1564670
1564671
1564672
1564673
1564674
1564675
1564676
1564677
1564678
1564679
1564680
1564681
1564682
1564683
1564684
1564685
1564686
1564687
1564688
1564689
1564690
1564691
1564692
1564693
1564694
1564695
1564696
1564697
1564698
1564699
1565000
1565001
1565002
1565003
1565004
1565005
1565006
1565007
1565008
1565009
1565010
1565011
1565012
1565013
1565014
1565015
1565016
1565017
1565018
1565019
1565020
1565021
1565022
1565023
1565024
1565025
1565026
1565027
1565028
1565029
1565030
1565031
1565032
1565033
1565034
1565035
1565036
1565037
1565038
1565039
1565040
1565041
1565042
1565043
1565044
1565045
1565046
1565047
1565048
1565049
1565050
1565051
1565052
1565053
1565054
1565055
1565056
1565057
1565058
1565059
1565060
1565061
1565062
1565063
1565064
1565065
1565066
1565067
1565068
1565069
1565070
1565071
1565072
1565073
1565074
1565075
1565076
1565077
1565078
1565079
1565080
1565081
1565082
1565083
1565084
1565085
1565086
1565087
1565088
1565089
1565090
1565091
1565092
1565093
1565094
1565095
1565096
1565097
1565098
1565099
1565200
1565201
1565202
1565203
1565204
1565205
1565206
1565207
1565208
1565209
1565210
1565211
1565212
1565213
1565214
1565215
1565216
1565217
1565218
1565219
1565220
1565221
1565222
1565223
1565224
1565225
1565226
1565227
1565228
1565229
1565230
1565231
1565232
1565233
1565234
1565235
1565236
1565237
1565238
1565239
1565240
1565241
1565242
1565243
1565244
1565245
1565246
1565247
1565248
1565249
1565250
1565251
1565252
1565253
1565254
1565255
1565256
1565257
1565258
1565259
1565260
1565261
1565262
1565263
1565264
1565265
1565266
1565267
1565268
1565269
1565270
1565271
1565272
1565273
1565274
1565275
1565276
1565277
1565278
1565279
1565280
1565281
1565282
1565283
1565284
1565285
1565286
1565287
1565288
1565289
1565290
1565291
1565292
1565293
1565294
1565295
1565296
1565297
1565298
1565299
1569970
1569971
1569972
1569973
1569974
1569975
1569976
1569977
1569978
1569979
1569980
1569981
1569982
1569983
1569984
1569985
1569986
1569987
1569988
1569989
1569990
1569991
1569992
1569993
1569994
1569995
1569996
1569997
1569998
1569999
1860000
1860001
1860002
1860003
1860004
1860005
1860006
1860007
1860008
1860009
1860100
1860101
1860102
1860103
1860104
1860105
1860106
1860107
1860108
1860109
1860110
1860111
1860112
1860113
1860114
1860115
1860116
1860117
1860118
1860119
1860120
1860121
1860122
1860123
1860124
1860125
1860126
1860127
1860128
1860129
1860130
1860131
1860132
1860133
1860134
1860135
1860136
1860137
1860138
1860139
1860180
1860181
1860182
1860183
1860184
1860185
1860186
1860187
1860188
1860189
1861000
1861001
1861002
1861003
1861004
1861005
1861006
1861007
1861008
1861009
1861020
1861021
1861022
1861023
1861024
1861025
1861026
1861027
1861028
1861029
1861100
1861101
1861102
1861103
1861104
1861105
1861106
1861107
1861108
1861109
1861110
1861111
1861112
1861113
1861114
1861115
1861116
1861117
1861118
1861119
1861120
1861121
1861122
1861123
1861124
1861125
1861126
1861127
1861128
1861129
1861130
1861131
1861132
1861133
1861134
1861135
1861136
1861137
1861138
1861139
1861140
1861141
1861142
1861143
1861144
1861145
1861146
1861147
1861148
1861149
1861170
1861171
1861172
1861173
1861174
1861175
1861176
1861177
1861178
1861179
1861800
1861801
1861802
1861803
1861804
1861805
1861806
1861807
1861808
1861809
1861810
1861811
1861812
1861813
1861814
1861815
1861816
1861817
1861818
1861819
1861820
1861821
1861822
1861823
1861824
1861825
1861826
1861827
1861828
1861829
1861830
1861831
1861832
1861833
1861834
1861835
1861836
1861837
1861838
1861839
1861840
1861841
1861842
1861843
1861844
1861845
1861846
1861847
1861848
1861849
1861850
1861851
1861852
1861853
1861854
1861855
1861856
1861857
1861858
1861859
1861860
1861861
1861862
1861863
1861864
1861865
1861866
1861867
1861868
1861869
1861870
1861871
1861872
1861873
1861874
1861875
1861876
1861877
1861878
1861879
1861880
1861881
1861882
1861883
1861884
1861885
1861886
1861887
1861888
1861889
1861890
1861891
1861892
1861893
1861894
1861895
1861896
1861897
1861898
1861899
1866690
1866691
1866692
1866693
1866694
1866695
1866696
1866697
1866698
1866699
